x y
1.679348e-02 1.000000e+00
1.988393e-02 1.000000e+00
2.297438e-02 1.000000e+00
2.606483e-02 0.000000e+00
2.915527e-02 2.000000e+00
3.224573e-02 3.000000e+00
3.533617e-02 2.000000e+00
3.842662e-02 4.000000e+00
4.151707e-02 6.000000e+00
4.460752e-02 4.000000e+00
4.769797e-02 3.000000e+00
5.078842e-02 8.000000e+00
5.387887e-02 1.000000e+01
5.696932e-02 5.000000e+00
6.005977e-02 1.200000e+01
6.315022e-02 1.400000e+01
6.624067e-02 2.000000e+01
6.933112e-02 1.400000e+01
7.242157e-02 2.200000e+01
7.551201e-02 1.800000e+01
7.860246e-02 2.000000e+01
8.169291e-02 3.400000e+01
8.478336e-02 3.800000e+01
8.787381e-02 5.000000e+01
9.096426e-02 3.500000e+01
9.405471e-02 4.300000e+01
9.714516e-02 5.900000e+01
1.002356e-01 5.800000e+01
1.033261e-01 6.600000e+01
1.064165e-01 7.500000e+01
1.095070e-01 9.300000e+01
1.125974e-01 1.040000e+02
1.156879e-01 1.020000e+02
1.187783e-01 1.030000e+02
1.218688e-01 1.180000e+02
1.249592e-01 1.150000e+02
1.280497e-01 1.470000e+02
1.311401e-01 1.720000e+02
1.342306e-01 1.600000e+02
1.373210e-01 1.810000e+02
1.404115e-01 2.020000e+02
1.435019e-01 2.030000e+02
1.465923e-01 2.150000e+02
1.496828e-01 2.180000e+02
1.527732e-01 2.550000e+02
1.558637e-01 2.330000e+02
1.589541e-01 2.410000e+02
1.620446e-01 2.570000e+02
1.651350e-01 2.680000e+02
1.682255e-01 2.630000e+02
1.713159e-01 2.710000e+02
1.744064e-01 2.930000e+02
1.774968e-01 3.000000e+02
1.805873e-01 3.760000e+02
1.836777e-01 3.210000e+02
1.867682e-01 3.570000e+02
1.898586e-01 4.010000e+02
1.929491e-01 3.970000e+02
1.960395e-01 4.320000e+02
1.991300e-01 4.520000e+02
2.022204e-01 4.600000e+02
2.053109e-01 4.630000e+02
2.084013e-01 4.800000e+02
2.114918e-01 5.040000e+02
2.145822e-01 5.410000e+02
2.176727e-01 5.950000e+02
2.207631e-01 5.800000e+02
2.238536e-01 6.100000e+02
2.269440e-01 6.270000e+02
2.300345e-01 6.450000e+02
2.331249e-01 6.700000e+02
2.362154e-01 6.830000e+02
2.393058e-01 7.360000e+02
2.423963e-01 7.610000e+02
2.454867e-01 7.840000e+02
2.485772e-01 8.130000e+02
2.516676e-01 7.870000e+02
2.547581e-01 9.140000e+02
2.578485e-01 9.450000e+02
2.609390e-01 9.360000e+02
2.640294e-01 9.610000e+02
2.671199e-01 9.790000e+02
2.702103e-01 1.085000e+03
2.733008e-01 1.154000e+03
2.763912e-01 1.135000e+03
2.794816e-01 1.252000e+03
2.825721e-01 1.256000e+03
2.856626e-01 1.233000e+03
2.887530e-01 1.273000e+03
2.918434e-01 1.441000e+03
2.949339e-01 1.476000e+03
2.980244e-01 1.491000e+03
3.011148e-01 1.456000e+03
3.042053e-01 1.485000e+03
3.072957e-01 1.642000e+03
3.103862e-01 1.532000e+03
3.134766e-01 1.630000e+03
3.165671e-01 1.656000e+03
3.196575e-01 1.698000e+03
3.227479e-01 1.790000e+03
3.258384e-01 1.715000e+03
3.289289e-01 1.794000e+03
3.320193e-01 1.872000e+03
3.351097e-01 1.843000e+03
3.382002e-01 1.914000e+03
3.412907e-01 1.981000e+03
3.443811e-01 1.870000e+03
3.474715e-01 2.018000e+03
3.505620e-01 2.032000e+03
3.536524e-01 2.038000e+03
3.567429e-01 2.109000e+03
3.598333e-01 2.097000e+03
3.629238e-01 2.085000e+03
3.660142e-01 2.242000e+03
3.691047e-01 2.209000e+03
3.721951e-01 2.177000e+03
3.752856e-01 2.258000e+03
3.783760e-01 2.221000e+03
3.814665e-01 2.189000e+03
3.845569e-01 2.309000e+03
3.876474e-01 2.398000e+03
3.907378e-01 2.240000e+03
3.938283e-01 2.350000e+03
3.969187e-01 2.247000e+03
4.000092e-01 2.320000e+03
4.030996e-01 2.255000e+03
4.061901e-01 2.243000e+03
4.092805e-01 2.299000e+03
4.123710e-01 2.283000e+03
4.154614e-01 2.241000e+03
4.185519e-01 2.209000e+03
4.216423e-01 2.273000e+03
4.247328e-01 2.307000e+03
4.278232e-01 2.157000e+03
4.309137e-01 2.103000e+03
4.340041e-01 2.202000e+03
4.370946e-01 2.198000e+03
4.401850e-01 2.086000e+03
4.432755e-01 2.184000e+03
4.463659e-01 2.035000e+03
4.494564e-01 2.125000e+03
4.525468e-01 2.142000e+03
4.556373e-01 1.996000e+03
4.587277e-01 2.005000e+03
4.618182e-01 1.934000e+03
4.649086e-01 1.933000e+03
4.679991e-01 1.793000e+03
4.710895e-01 1.859000e+03
4.741800e-01 1.786000e+03
4.772704e-01 1.813000e+03
4.803609e-01 1.727000e+03
4.834513e-01 1.678000e+03
4.865417e-01 1.670000e+03
4.896322e-01 1.743000e+03
4.927227e-01 1.595000e+03
4.958131e-01 1.615000e+03
4.989035e-01 1.501000e+03
5.019940e-01 1.516000e+03
5.050845e-01 1.400000e+03
5.081749e-01 1.489000e+03
5.112653e-01 1.385000e+03
5.143558e-01 1.294000e+03
5.174463e-01 1.286000e+03
5.205367e-01 1.263000e+03
5.236272e-01 1.184000e+03
5.267176e-01 1.235000e+03
5.298080e-01 1.104000e+03
5.328985e-01 1.116000e+03
5.359889e-01 1.029000e+03
5.390794e-01 1.003000e+03
5.421699e-01 9.770000e+02
5.452603e-01 9.280000e+02
5.483508e-01 9.170000e+02
5.514412e-01 8.850000e+02
5.545316e-01 8.210000e+02
5.576221e-01 8.020000e+02
5.607125e-01 7.460000e+02
5.638030e-01 7.450000e+02
5.668935e-01 6.800000e+02
5.699839e-01 7.050000e+02
5.730743e-01 6.540000e+02
5.761648e-01 6.420000e+02
5.792552e-01 6.050000e+02
5.823457e-01 5.450000e+02
5.854361e-01 5.670000e+02
5.885266e-01 5.440000e+02
5.916170e-01 5.370000e+02
5.947075e-01 4.920000e+02
5.977979e-01 4.580000e+02
6.008884e-01 4.750000e+02
6.039788e-01 4.000000e+02
6.070693e-01 3.840000e+02
6.101598e-01 3.990000e+02
6.132502e-01 3.520000e+02
6.163406e-01 3.430000e+02
6.194311e-01 3.140000e+02
6.225215e-01 2.820000e+02
6.256120e-01 3.040000e+02
6.287024e-01 2.580000e+02
6.317928e-01 2.270000e+02
6.348833e-01 2.140000e+02
6.379738e-01 1.940000e+02
6.410642e-01 1.810000e+02
6.441547e-01 1.950000e+02
6.472451e-01 1.620000e+02
6.503356e-01 1.630000e+02
6.534260e-01 1.440000e+02
6.565165e-01 1.220000e+02
6.596069e-01 1.090000e+02
6.626974e-01 1.080000e+02
6.657878e-01 9.300000e+01
6.688783e-01 9.900000e+01
6.719687e-01 6.400000e+01
6.750591e-01 5.700000e+01
6.781496e-01 6.700000e+01
6.812401e-01 6.200000e+01
6.843305e-01 4.600000e+01
6.874210e-01 3.300000e+01
6.905114e-01 5.200000e+01
6.936018e-01 3.700000e+01
6.966923e-01 3.600000e+01
6.997827e-01 2.100000e+01
7.028732e-01 3.100000e+01
7.059637e-01 2.000000e+01
7.090541e-01 2.100000e+01
7.121446e-01 1.500000e+01
7.152350e-01 1.000000e+01
7.183254e-01 1.300000e+01
7.214159e-01 8.000000e+00
7.245064e-01 7.000000e+00
7.275968e-01 4.000000e+00
7.306873e-01 1.200000e+01
7.337777e-01 3.000000e+00
7.368681e-01 4.000000e+00
7.399586e-01 6.000000e+00
7.430490e-01 3.000000e+00
7.461395e-01 1.000000e+00
7.492300e-01 1.000000e+00
7.523204e-01 1.000000e+00
7.554109e-01 0.000000e+00
7.585013e-01 1.000000e+00
7.615917e-01 0.000000e+00
7.646822e-01 0.000000e+00
7.677726e-01 1.000000e+00
7.708631e-01 0.000000e+00
7.739536e-01 0.000000e+00
7.770440e-01 0.000000e+00
7.801344e-01 1.000000e+00
7.832249e-01 0.000000e+00
7.863153e-01 0.000000e+00
7.894058e-01 0.000000e+00
7.924962e-01 2.000000e+00
7.955867e-01 1.000000e+00
7.986771e-01 0.000000e+00
8.017676e-01 1.000000e+00
8.048580e-01 0.000000e+00
