x y
0.000000e+00 6.000000e+00
3.900907e-03 0.000000e+00
7.801813e-03 0.000000e+00
1.170272e-02 0.000000e+00
1.560363e-02 0.000000e+00
1.950453e-02 1.000000e+00
2.340544e-02 0.000000e+00
2.730635e-02 0.000000e+00
3.120725e-02 0.000000e+00
3.510816e-02 2.000000e+00
3.900906e-02 1.000000e+00
4.290997e-02 0.000000e+00
4.681088e-02 1.000000e+00
5.071178e-02 1.000000e+00
5.461269e-02 0.000000e+00
5.851360e-02 3.000000e+00
6.241450e-02 0.000000e+00
6.631541e-02 4.000000e+00
7.021632e-02 5.000000e+00
7.411723e-02 1.000000e+00
7.801813e-02 3.000000e+00
8.191904e-02 4.000000e+00
8.581994e-02 5.000000e+00
8.972085e-02 7.000000e+00
9.362176e-02 7.000000e+00
9.752267e-02 4.000000e+00
1.014236e-01 2.000000e+00
1.053245e-01 2.000000e+00
1.092254e-01 1.000000e+00
1.131263e-01 5.000000e+00
1.170272e-01 5.000000e+00
1.209281e-01 5.000000e+00
1.248290e-01 5.000000e+00
1.287299e-01 3.000000e+00
1.326308e-01 2.000000e+00
1.365317e-01 7.000000e+00
1.404326e-01 7.000000e+00
1.443335e-01 9.000000e+00
1.482345e-01 3.000000e+00
1.521354e-01 3.000000e+00
1.560363e-01 4.000000e+00
1.599372e-01 4.000000e+00
1.638381e-01 3.000000e+00
1.677390e-01 8.000000e+00
1.716399e-01 5.000000e+00
1.755408e-01 4.000000e+00
1.794417e-01 7.000000e+00
1.833426e-01 4.000000e+00
1.872435e-01 4.000000e+00
1.911444e-01 6.000000e+00
1.950453e-01 1.100000e+01
1.989462e-01 3.000000e+00
2.028471e-01 6.000000e+00
2.067481e-01 5.000000e+00
2.106490e-01 6.000000e+00
2.145499e-01 6.000000e+00
2.184508e-01 5.000000e+00
2.223517e-01 7.000000e+00
2.262526e-01 5.000000e+00
2.301535e-01 3.000000e+00
2.340544e-01 5.000000e+00
2.379553e-01 3.000000e+00
2.418562e-01 7.000000e+00
2.457571e-01 7.000000e+00
2.496580e-01 1.200000e+01
2.535589e-01 7.000000e+00
2.574598e-01 8.000000e+00
2.613607e-01 8.000000e+00
2.652617e-01 3.000000e+00
2.691626e-01 4.000000e+00
2.730635e-01 9.000000e+00
2.769644e-01 6.000000e+00
2.808653e-01 6.000000e+00
2.847662e-01 4.000000e+00
2.886671e-01 4.000000e+00
2.925680e-01 5.000000e+00
2.964689e-01 7.000000e+00
3.003698e-01 5.000000e+00
3.042707e-01 1.100000e+01
3.081716e-01 7.000000e+00
3.120725e-01 1.100000e+01
3.159734e-01 1.200000e+01
3.198743e-01 8.000000e+00
3.237753e-01 1.000000e+01
3.276761e-01 8.000000e+00
3.315771e-01 5.000000e+00
3.354780e-01 1.000000e+01
3.393789e-01 6.000000e+00
3.432798e-01 6.000000e+00
3.471807e-01 7.000000e+00
3.510816e-01 6.000000e+00
3.549825e-01 5.000000e+00
3.588834e-01 8.000000e+00
3.627843e-01 6.000000e+00
3.666852e-01 1.100000e+01
3.705861e-01 7.000000e+00
3.744870e-01 6.000000e+00
3.783879e-01 8.000000e+00
3.822888e-01 6.000000e+00
3.861898e-01 4.000000e+00
3.900907e-01 7.000000e+00
3.939916e-01 6.000000e+00
3.978925e-01 9.000000e+00
4.017934e-01 8.000000e+00
4.056943e-01 5.000000e+00
4.095952e-01 8.000000e+00
4.134961e-01 1.000000e+01
4.173970e-01 1.600000e+01
4.212979e-01 1.000000e+01
4.251988e-01 1.500000e+01
4.290997e-01 1.500000e+01
4.330006e-01 9.000000e+00
4.369015e-01 1.000000e+01
4.408025e-01 1.800000e+01
4.447033e-01 1.100000e+01
4.486043e-01 2.000000e+01
4.525052e-01 2.000000e+01
4.564061e-01 1.400000e+01
4.603070e-01 1.600000e+01
4.642079e-01 2.300000e+01
4.681088e-01 2.400000e+01
4.720097e-01 3.100000e+01
4.759106e-01 2.300000e+01
4.798115e-01 3.200000e+01
4.837124e-01 4.500000e+01
4.876133e-01 4.200000e+01
4.915142e-01 3.800000e+01
4.954152e-01 4.300000e+01
4.993160e-01 4.300000e+01
5.032170e-01 5.100000e+01
5.071179e-01 6.100000e+01
5.110188e-01 6.400000e+01
5.149197e-01 7.400000e+01
5.188206e-01 6.600000e+01
5.227215e-01 8.100000e+01
5.266224e-01 1.000000e+02
5.305233e-01 1.040000e+02
5.344242e-01 9.400000e+01
5.383251e-01 1.080000e+02
5.422260e-01 1.140000e+02
5.461269e-01 1.410000e+02
5.500278e-01 1.680000e+02
5.539287e-01 1.470000e+02
5.578296e-01 1.920000e+02
5.617306e-01 2.060000e+02
5.656314e-01 2.430000e+02
5.695324e-01 2.730000e+02
5.734333e-01 2.670000e+02
5.773342e-01 3.050000e+02
5.812351e-01 3.320000e+02
5.851360e-01 3.620000e+02
5.890369e-01 3.960000e+02
5.929378e-01 4.380000e+02
5.968387e-01 4.890000e+02
6.007396e-01 5.180000e+02
6.046405e-01 5.950000e+02
6.085414e-01 5.900000e+02
6.124423e-01 6.570000e+02
6.163433e-01 7.690000e+02
6.202441e-01 8.320000e+02
6.241450e-01 9.530000e+02
6.280460e-01 1.074000e+03
6.319469e-01 1.127000e+03
6.358478e-01 1.206000e+03
6.397487e-01 1.253000e+03
6.436496e-01 1.391000e+03
6.475505e-01 1.501000e+03
6.514514e-01 1.704000e+03
6.553523e-01 1.800000e+03
6.592532e-01 1.977000e+03
6.631541e-01 2.192000e+03
6.670550e-01 2.411000e+03
6.709560e-01 2.530000e+03
6.748568e-01 2.722000e+03
6.787577e-01 2.996000e+03
6.826587e-01 3.047000e+03
6.865596e-01 3.496000e+03
6.904604e-01 3.656000e+03
6.943614e-01 3.854000e+03
6.982623e-01 4.204000e+03
7.021632e-01 4.542000e+03
7.060641e-01 4.918000e+03
7.099650e-01 5.181000e+03
7.138659e-01 5.442000e+03
7.177668e-01 6.011000e+03
7.216677e-01 6.282000e+03
7.255687e-01 6.720000e+03
7.294695e-01 7.237000e+03
7.333704e-01 7.766000e+03
7.372714e-01 8.050000e+03
7.411723e-01 8.668000e+03
7.450731e-01 9.118000e+03
7.489741e-01 9.892000e+03
7.528750e-01 1.029400e+04
7.567759e-01 1.079200e+04
7.606768e-01 1.150900e+04
7.645777e-01 1.193300e+04
7.684786e-01 1.278000e+04
7.723795e-01 1.359800e+04
7.762804e-01 1.426900e+04
7.801813e-01 1.471800e+04
7.840822e-01 1.548400e+04
7.879831e-01 1.602900e+04
7.918841e-01 1.689700e+04
7.957850e-01 1.780700e+04
7.996858e-01 1.812600e+04
8.035868e-01 1.910300e+04
8.074877e-01 1.943700e+04
8.113886e-01 2.023400e+04
8.152895e-01 2.113400e+04
8.191904e-01 2.189000e+04
8.230913e-01 2.228000e+04
8.269922e-01 2.306100e+04
8.308931e-01 2.366900e+04
8.347940e-01 2.431300e+04
8.386949e-01 2.457300e+04
8.425958e-01 2.499500e+04
8.464968e-01 2.591300e+04
8.503976e-01 2.602000e+04
8.542985e-01 2.650800e+04
8.581995e-01 2.650200e+04
8.621004e-01 2.673600e+04
8.660012e-01 2.651100e+04
8.699022e-01 2.671200e+04
8.738031e-01 2.611700e+04
8.777040e-01 2.651500e+04
8.816049e-01 2.590800e+04
8.855058e-01 2.538700e+04
8.894067e-01 2.485900e+04
8.933076e-01 2.380600e+04
8.972085e-01 2.360100e+04
9.011095e-01 2.219800e+04
9.050103e-01 2.147900e+04
9.089112e-01 1.998400e+04
9.128122e-01 1.888400e+04
9.167131e-01 1.717800e+04
9.206139e-01 1.594800e+04
9.245149e-01 1.413700e+04
9.284158e-01 1.252300e+04
9.323167e-01 1.124300e+04
9.362176e-01 9.174000e+03
9.401185e-01 7.732000e+03
9.440194e-01 6.329000e+03
9.479203e-01 4.847000e+03
9.518212e-01 3.634000e+03
9.557221e-01 2.489000e+03
9.596230e-01 1.622000e+03
9.635239e-01 9.400000e+02
9.674249e-01 4.660000e+02
9.713258e-01 1.470000e+02
9.752266e-01 4.000000e+01
9.791276e-01 1.000000e+01
9.830285e-01 2.000000e+00
9.869294e-01 4.000000e+00
9.908303e-01 1.000000e+00
9.947312e-01 0.000000e+00
